[app/ui]
version = 8.0.5
modtime = 1599000480.915594000

[app/launcher]
version = 8.0.5
modtime = 1599000480.916131000
